1140
 31.079012 	31.079012	31.079012
 Rb	  25.278999	  15.540000	  25.278999
 O        25.129999       20.559000       19.940001
 C        26.290001       21.205000       19.440001
 H        26.106001       22.187000       19.393000
 O        28.618000       21.662001       19.822001
 H        28.698000       21.488001       18.862000
 C        27.483000       20.990999       20.329000
 H        27.275000       21.364000       21.233000
 O        28.816000       19.299999       21.392000
 H        29.674000       19.455000       20.941000
 C        27.747000       19.535999       20.472000
 H        28.002001       19.166000       19.580000
 O        26.677999       17.400000       20.978001
 C        26.479000       18.802999       20.969000
 H        26.256001       19.114000       21.892000
 C        25.308001       19.117001       20.027000
 H        25.485001       18.738001       19.117001
 O        23.732000       19.042000       21.976000
 H        23.563999       18.264999       22.551001
 C        23.993000       18.582001       20.568001
 H        23.253000       18.884001       19.983999
 H        24.011999       17.591000       20.549000
 O        25.513000       16.000999       22.434000
 C        26.712000       16.792000       22.233999
 H        26.737000       17.510000       22.933001
 O        29.096001       16.770000       22.177999
 H        28.863001       17.612000       21.733999
 C        27.906000       15.981000       22.368000
 H        27.927999       15.648000       23.312000
 O        29.046000       13.936000       21.780001
 H        28.826000       13.003000       21.569000
 C        27.886999       14.787000       21.493999
 H        27.921000       15.080000       20.540001
 O        26.582001       12.928000       20.750999
 C        26.601000       13.989000       21.724001
 H        26.607000       13.600000       22.646999
 C        25.403999       14.874000       21.556000
 H        25.382000       15.204000       20.615000
 O        24.145000       13.697000       23.135000
 H        23.312000       13.218000       23.322001
 C        24.099001       14.222000       21.858000
 H        23.365000       14.887000       21.792999
 H        23.922001       13.501000       21.202000
 O        25.129999       19.940001       10.520000
 C        26.290001       19.440001        9.874000
 H        26.106001       19.393000        8.892000
 O        28.618000       19.822001        9.417000
 H        28.698000       18.862000        9.591000
 C        27.483000       20.329000       10.088000
 H        27.275000       21.233000        9.715000
 O        28.816000       21.392000       11.779000
 H        29.674000       20.941000       11.624000
 C        27.747000       20.472000       11.543000
 H        28.002001       19.580000       11.913000
 O        26.677999       20.978001       13.679000
 C        26.479000       20.969000       12.276000
 H        26.256001       21.892000       11.965000
 C        25.308001       20.027000       11.962000
 H        25.485001       19.117001       12.341000
 O        23.732000       21.976000       12.037000
 H        23.563999       22.551001       12.814000
 C        23.993000       20.568001       12.497000
 H        23.253000       19.983999       12.195000
 H        24.011999       20.549000       13.488000
 O        25.513000       22.434000       15.078000
 C        26.712000       22.233999       14.287000
 H        26.737000       22.933001       13.569000
 O        29.096001       22.177999       14.309000
 H        28.863001       21.733999       13.467000
 C        27.906000       22.368000       15.098000
 H        27.927999       23.312000       15.431000
 O        29.046000       21.780001       17.143000
 H        28.826000       21.569000       18.076000
 C        27.886999       21.493999       16.292000
 H        27.921000       20.540001       15.999000
 O        26.582001       20.750999       18.150999
 C        26.601000       21.724001       17.090000
 H        26.607000       22.646999       17.479000
 C        25.403999       21.556000       16.205000
 H        25.382000       20.615000       15.875000
 O        24.145000       23.135000       17.382000
 H        23.312000       23.322001       17.861000
 C        24.099001       21.858000       16.857000
 H        23.365000       21.792999       16.191999
 H        23.922001       21.202000       17.577999
 O        25.129999       11.139000       20.559000
 C        26.290001       11.639000       21.205000
 H        26.106001       11.686000       22.187000
 O        28.618000       11.257000       21.662001
 H        28.698000       12.217000       21.488001
 C        27.483000       10.750000       20.990999
 H        27.275000        9.846000       21.364000
 O        28.816000        9.687000       19.299999
 H        29.674000       10.138000       19.455000
 C        27.747000       10.607000       19.535999
 H        28.002001       11.499000       19.166000
 O        26.677999       10.101000       17.400000
 C        26.479000       10.110000       18.802999
 H        26.256001        9.187000       19.114000
 C        25.308001       11.052000       19.117001
 H        25.485001       11.962000       18.738001
 O        23.732000        9.103000       19.042000
 H        23.563999        8.528000       18.264999
 C        23.993000       10.511000       18.582001
 H        23.253000       11.095000       18.884001
 H        24.011999       10.530000       17.591000
 O        25.513000        8.645000       16.000999
 C        26.712000        8.845000       16.792000
 H        26.737000        8.146000       17.510000
 O        29.096001        8.901000       16.770000
 H        28.863001        9.345000       17.612000
 C        27.906000        8.711000       15.981000
 H        27.927999        7.767000       15.648000
 O        29.046000        9.299000       13.936000
 H        28.826000        9.510000       13.003000
 C        27.886999        9.585000       14.787000
 H        27.921000       10.539000       15.080000
 O        26.582001       10.328000       12.928000
 C        26.601000        9.355000       13.989000
 H        26.607000        8.432000       13.600000
 C        25.403999        9.523000       14.874000
 H        25.382000       10.464000       15.204000
 O        24.145000        7.944000       13.697000
 H        23.312000        7.757000       13.218000
 C        24.099001        9.221000       14.222000
 H        23.365000        9.286000       14.887000
 H        23.922001        9.877000       13.501000
 O        25.129999       10.520000       11.139000
 C        26.290001        9.874000       11.639000
 H        26.106001        8.892000       11.686000
 O        28.618000        9.417000       11.257000
 H        28.698000        9.591000       12.217000
 C        27.483000       10.088000       10.750000
 H        27.275000        9.715000        9.846000
 O        28.816000       11.779000        9.687000
 H        29.674000       11.624000       10.138000
 C        27.747000       11.543000       10.607000
 H        28.002001       11.913000       11.499000
 O        26.677999       13.679000       10.101000
 C        26.479000       12.276000       10.110000
 H        26.256001       11.965000        9.187000
 C        25.308001       11.962000       11.052000
 H        25.485001       12.341000       11.962000
 O        23.732000       12.037000        9.103000
 H        23.563999       12.814000        8.528000
 C        23.993000       12.497000       10.511000
 H        23.253000       12.195000       11.095000
 H        24.011999       13.488000       10.530000
 O        25.513000       15.078000        8.645000
 C        26.712000       14.287000        8.845000
 H        26.737000       13.569000        8.146000
 O        29.096001       14.309000        8.901000
 H        28.863001       13.467000        9.345000
 C        27.906000       15.098000        8.711000
 H        27.927999       15.431000        7.767000
 O        29.046000       17.143000        9.299000
 H        28.826000       18.076000        9.510000
 C        27.886999       16.292000        9.585000
 H        27.921000       15.999000       10.539000
 O        26.582001       18.150999       10.328000
 C        26.601000       17.090000        9.355000
 H        26.607000       17.479000        8.432000
 C        25.403999       16.205000        9.523000
 H        25.382000       15.875000       10.464000
 O        24.145000       17.382000        7.944000
 H        23.312000       17.861000        7.757000
 C        24.099001       16.857000        9.221000
 H        23.365000       16.191999        9.286000
 H        23.922001       17.577999        9.877000
 Rb       25.278999       15.540000        5.800000
 Rb       25.278999       25.278999       15.540000
 Rb       25.278999        5.800000       15.540000
 Rb       31.079000        9.740000        9.740000
 Rb       31.079000        9.740000       21.339001
 Rb       31.079000       21.339001       21.339001
 Rb       31.079000       21.339001        9.740000
 O        26.796000       18.000999        6.123000
 O        26.796000       13.078000       24.955999
 O        24.955999       18.000999       26.796000
 O        24.955999       13.078000        4.283000
 O        25.226999       17.802000        3.761000
 O        25.226999       13.277000       27.318001
 O        27.318001       17.802000       25.226999
 O        27.318001       13.277000        5.852000
 O        22.434000       16.000999        5.566000
 O        22.434000       15.078000       25.513000
 O        23.135000       13.697000        6.934000
 O        23.135000       17.382000       24.145000
 Rb        5.800000       15.540000       25.278999
 O         5.949000       10.520000       19.940001
 C         4.789000        9.874000       19.440001
 H         4.973000        8.892000       19.393000
 O         2.461000        9.417000       19.822001
 H         2.381000        9.591000       18.862000
 C         3.596000       10.088000       20.329000
 H         3.804000        9.715000       21.233000
 O         2.263000       11.779000       21.392000
 H         1.405000       11.624000       20.941000
 C         3.332000       11.543000       20.472000
 H         3.077000       11.913000       19.580000
 O         4.401000       13.679000       20.978001
 C         4.600000       12.276000       20.969000
 H         4.823000       11.965000       21.892000
 C         5.771000       11.962000       20.027000
 H         5.594000       12.341000       19.117001
 O         7.347000       12.037000       21.976000
 H         7.515000       12.814000       22.551001
 C         7.086000       12.497000       20.568001
 H         7.826000       12.195000       19.983999
 H         7.067000       13.488000       20.549000
 O         5.566000       15.078000       22.434000
 C         4.367000       14.287000       22.233999
 H         4.342000       13.569000       22.933001
 O         1.983000       14.309000       22.177999
 H         2.216000       13.467000       21.733999
 C         3.173000       15.098000       22.368000
 H         3.151000       15.431000       23.312000
 O         2.033000       17.143000       21.780001
 H         2.253000       18.076000       21.569000
 C         3.192000       16.292000       21.493999
 H         3.158000       15.999000       20.540001
 O         4.497000       18.150999       20.750999
 C         4.478000       17.090000       21.724001
 H         4.472000       17.479000       22.646999
 C         5.675000       16.205000       21.556000
 H         5.697000       15.875000       20.615000
 O         6.934000       17.382000       23.135000
 H         7.767000       17.861000       23.322001
 C         6.980000       16.857000       21.858000
 H         7.714000       16.191999       21.792999
 H         7.157000       17.577999       21.202000
 O         5.949000       11.139000       10.520000
 C         4.789000       11.639000        9.874000
 H         4.973000       11.686000        8.892000
 O         2.461000       11.257000        9.417000
 H         2.381000       12.217000        9.591000
 C         3.596000       10.750000       10.088000
 H         3.804000        9.846000        9.715000
 O         2.263000        9.687000       11.779000
 H         1.405000       10.138000       11.624000
 C         3.332000       10.607000       11.543000
 H         3.077000       11.499000       11.913000
 O         4.401000       10.101000       13.679000
 C         4.600000       10.110000       12.276000
 H         4.823000        9.187000       11.965000
 C         5.771000       11.052000       11.962000
 H         5.594000       11.962000       12.341000
 O         7.347000        9.103000       12.037000
 H         7.515000        8.528000       12.814000
 C         7.086000       10.511000       12.497000
 H         7.826000       11.095000       12.195000
 H         7.067000       10.530000       13.488000
 O         5.566000        8.645000       15.078000
 C         4.367000        8.845000       14.287000
 H         4.342000        8.146000       13.569000
 O         1.983000        8.901000       14.309000
 H         2.216000        9.345000       13.467000
 C         3.173000        8.711000       15.098000
 H         3.151000        7.767000       15.431000
 O         2.033000        9.299000       17.143000
 H         2.253000        9.510000       18.076000
 C         3.192000        9.585000       16.292000
 H         3.158000       10.539000       15.999000
 O         4.497000       10.328000       18.150999
 C         4.478000        9.355000       17.090000
 H         4.472000        8.432000       17.479000
 C         5.675000        9.523000       16.205000
 H         5.697000       10.464000       15.875000
 O         6.934000        7.944000       17.382000
 H         7.767000        7.757000       17.861000
 C         6.980000        9.221000       16.857000
 H         7.714000        9.286000       16.191999
 H         7.157000        9.877000       17.577999
 O         5.949000       19.940001       20.559000
 C         4.789000       19.440001       21.205000
 H         4.973000       19.393000       22.187000
 O         2.461000       19.822001       21.662001
 H         2.381000       18.862000       21.488001
 C         3.596000       20.329000       20.990999
 H         3.804000       21.233000       21.364000
 O         2.263000       21.392000       19.299999
 H         1.405000       20.941000       19.455000
 C         3.332000       20.472000       19.535999
 H         3.077000       19.580000       19.166000
 O         4.401000       20.978001       17.400000
 C         4.600000       20.969000       18.802999
 H         4.823000       21.892000       19.114000
 C         5.771000       20.027000       19.117001
 H         5.594000       19.117001       18.738001
 O         7.347000       21.976000       19.042000
 H         7.515000       22.551001       18.264999
 C         7.086000       20.568001       18.582001
 H         7.826000       19.983999       18.884001
 H         7.067000       20.549000       17.591000
 O         5.566000       22.434000       16.000999
 C         4.367000       22.233999       16.792000
 H         4.342000       22.933001       17.510000
 O         1.983000       22.177999       16.770000
 H         2.216000       21.733999       17.612000
 C         3.173000       22.368000       15.981000
 H         3.151000       23.312000       15.648000
 O         2.033000       21.780001       13.936000
 H         2.253000       21.569000       13.003000
 C         3.192000       21.493999       14.787000
 H         3.158000       20.540001       15.080000
 O         4.497000       20.750999       12.928000
 C         4.478000       21.724001       13.989000
 H         4.472000       22.646999       13.600000
 C         5.675000       21.556000       14.874000
 H         5.697000       20.615000       15.204000
 O         6.934000       23.135000       13.697000
 H         7.767000       23.322001       13.218000
 C         6.980000       21.858000       14.222000
 H         7.714000       21.792999       14.887000
 H         7.157000       21.202000       13.501000
 O         5.949000       20.559000       11.139000
 C         4.789000       21.205000       11.639000
 H         4.973000       22.187000       11.686000
 O         2.461000       21.662001       11.257000
 H         2.381000       21.488001       12.217000
 C         3.596000       20.990999       10.750000
 H         3.804000       21.364000        9.846000
 O         2.263000       19.299999        9.687000
 H         1.405000       19.455000       10.138000
 C         3.332000       19.535999       10.607000
 H         3.077000       19.166000       11.499000
 O         4.401000       17.400000       10.101000
 C         4.600000       18.802999       10.110000
 H         4.823000       19.114000        9.187000
 C         5.771000       19.117001       11.052000
 H         5.594000       18.738001       11.962000
 O         7.347000       19.042000        9.103000
 H         7.515000       18.264999        8.528000
 C         7.086000       18.582001       10.511000
 H         7.826000       18.884001       11.095000
 H         7.067000       17.591000       10.530000
 O         5.566000       16.000999        8.645000
 C         4.367000       16.792000        8.845000
 H         4.342000       17.510000        8.146000
 O         1.983000       16.770000        8.901000
 H         2.216000       17.612000        9.345000
 C         3.173000       15.981000        8.711000
 H         3.151000       15.648000        7.767000
 O         2.033000       13.936000        9.299000
 H         2.253000       13.003000        9.510000
 C         3.192000       14.787000        9.585000
 H         3.158000       15.080000       10.539000
 O         4.497000       12.928000       10.328000
 C         4.478000       13.989000        9.355000
 H         4.472000       13.600000        8.432000
 C         5.675000       14.874000        9.523000
 H         5.697000       15.204000       10.464000
 O         6.934000       13.697000        7.944000
 H         7.767000       13.218000        7.757000
 C         6.980000       14.222000        9.221000
 H         7.714000       14.887000        9.286000
 H         7.157000       13.501000        9.877000
 Rb        5.800000       15.540000        5.800000
 Rb        5.800000        5.800000       15.540000
 Rb        5.800000       25.278999       15.540000
 Rb        0.000000       21.339001        9.740000
 Rb        0.000000       21.339001       21.339001
 Rb        0.000000        9.740000       21.339001
 Rb        0.000000        9.740000        9.740000
 O         4.283000       13.078000        6.123000
 O         4.283000       18.000999       24.955999
 O         6.123000       13.078000       26.796000
 O         6.123000       18.000999        4.283000
 O         5.852000       13.277000        3.761000
 O         5.852000       17.802000       27.318001
 O         3.761000       13.277000       25.226999
 O         3.761000       17.802000        5.852000
 O         8.645000       15.078000        5.566000
 O         8.645000       16.000999       25.513000
 O         7.944000       17.382000        6.934000
 O         7.944000       13.697000       24.145000
 O        19.940001       25.129999       20.559000
 C        19.440001       26.290001       21.205000
 H        19.393000       26.106001       22.187000
 O        19.822001       28.618000       21.662001
 H        18.862000       28.698000       21.488001
 C        20.329000       27.483000       20.990999
 H        21.233000       27.275000       21.364000
 O        21.392000       28.816000       19.299999
 H        20.941000       29.674000       19.455000
 C        20.472000       27.747000       19.535999
 H        19.580000       28.002001       19.166000
 O        20.978001       26.677999       17.400000
 C        20.969000       26.479000       18.802999
 H        21.892000       26.256001       19.114000
 C        20.027000       25.308001       19.117001
 H        19.117001       25.485001       18.738001
 O        21.976000       23.732000       19.042000
 H        22.551001       23.563999       18.264999
 C        20.568001       23.993000       18.582001
 H        19.983999       23.253000       18.884001
 H        20.549000       24.011999       17.591000
 O        22.434000       25.513000       16.000999
 C        22.233999       26.712000       16.792000
 H        22.933001       26.737000       17.510000
 O        22.177999       29.096001       16.770000
 H        21.733999       28.863001       17.612000
 C        22.368000       27.906000       15.981000
 H        23.312000       27.927999       15.648000
 O        21.780001       29.046000       13.936000
 H        21.569000       28.826000       13.003000
 C        21.493999       27.886999       14.787000
 H        20.540001       27.921000       15.080000
 O        20.750999       26.582001       12.928000
 C        21.724001       26.601000       13.989000
 H        22.646999       26.607000       13.600000
 C        21.556000       25.403999       14.874000
 H        20.615000       25.382000       15.204000
 O        23.135000       24.145000       13.697000
 H        23.322001       23.312000       13.218000
 C        21.858000       24.099001       14.222000
 H        21.792999       23.365000       14.887000
 H        21.202000       23.922001       13.501000
 O        10.520000       25.129999       19.940001
 C         9.874000       26.290001       19.440001
 H         8.892000       26.106001       19.393000
 O         9.417000       28.618000       19.822001
 H         9.591000       28.698000       18.862000
 C        10.088000       27.483000       20.329000
 H         9.715000       27.275000       21.233000
 O        11.779000       28.816000       21.392000
 H        11.624000       29.674000       20.941000
 C        11.543000       27.747000       20.472000
 H        11.913000       28.002001       19.580000
 O        13.679000       26.677999       20.978001
 C        12.276000       26.479000       20.969000
 H        11.965000       26.256001       21.892000
 C        11.962000       25.308001       20.027000
 H        12.341000       25.485001       19.117001
 O        12.037000       23.732000       21.976000
 H        12.814000       23.563999       22.551001
 C        12.497000       23.993000       20.568001
 H        12.195000       23.253000       19.983999
 H        13.488000       24.011999       20.549000
 O        15.078000       25.513000       22.434000
 C        14.287000       26.712000       22.233999
 H        13.569000       26.737000       22.933001
 O        14.309000       29.096001       22.177999
 H        13.467000       28.863001       21.733999
 C        15.098000       27.906000       22.368000
 H        15.431000       27.927999       23.312000
 O        17.143000       29.046000       21.780001
 H        18.076000       28.826000       21.569000
 C        16.292000       27.886999       21.493999
 H        15.999000       27.921000       20.540001
 O        18.150999       26.582001       20.750999
 C        17.090000       26.601000       21.724001
 H        17.479000       26.607000       22.646999
 C        16.205000       25.403999       21.556000
 H        15.875000       25.382000       20.615000
 O        17.382000       24.145000       23.135000
 H        17.861000       23.312000       23.322001
 C        16.857000       24.099001       21.858000
 H        16.191999       23.365000       21.792999
 H        17.577999       23.922001       21.202000
 O        20.559000       25.129999       11.139000
 C        21.205000       26.290001       11.639000
 H        22.187000       26.106001       11.686000
 O        21.662001       28.618000       11.257000
 H        21.488001       28.698000       12.217000
 C        20.990999       27.483000       10.750000
 H        21.364000       27.275000        9.846000
 O        19.299999       28.816000        9.687000
 H        19.455000       29.674000       10.138000
 C        19.535999       27.747000       10.607000
 H        19.166000       28.002001       11.499000
 O        17.400000       26.677999       10.101000
 C        18.802999       26.479000       10.110000
 H        19.114000       26.256001        9.187000
 C        19.117001       25.308001       11.052000
 H        18.738001       25.485001       11.962000
 O        19.042000       23.732000        9.103000
 H        18.264999       23.563999        8.528000
 C        18.582001       23.993000       10.511000
 H        18.884001       23.253000       11.095000
 H        17.591000       24.011999       10.530000
 O        16.000999       25.513000        8.645000
 C        16.792000       26.712000        8.845000
 H        17.510000       26.737000        8.146000
 O        16.770000       29.096001        8.901000
 H        17.612000       28.863001        9.345000
 C        15.981000       27.906000        8.711000
 H        15.648000       27.927999        7.767000
 O        13.936000       29.046000        9.299000
 H        13.003000       28.826000        9.510000
 C        14.787000       27.886999        9.585000
 H        15.080000       27.921000       10.539000
 O        12.928000       26.582001       10.328000
 C        13.989000       26.601000        9.355000
 H        13.600000       26.607000        8.432000
 C        14.874000       25.403999        9.523000
 H        15.204000       25.382000       10.464000
 O        13.697000       24.145000        7.944000
 H        13.218000       23.312000        7.757000
 C        14.222000       24.099001        9.221000
 H        14.887000       23.365000        9.286000
 H        13.501000       23.922001        9.877000
 O        11.139000       25.129999       10.520000
 C        11.639000       26.290001        9.874000
 H        11.686000       26.106001        8.892000
 O        11.257000       28.618000        9.417000
 H        12.217000       28.698000        9.591000
 C        10.750000       27.483000       10.088000
 H         9.846000       27.275000        9.715000
 O         9.687000       28.816000       11.779000
 H        10.138000       29.674000       11.624000
 C        10.607000       27.747000       11.543000
 H        11.499000       28.002001       11.913000
 O        10.101000       26.677999       13.679000
 C        10.110000       26.479000       12.276000
 H         9.187000       26.256001       11.965000
 C        11.052000       25.308001       11.962000
 H        11.962000       25.485001       12.341000
 O         9.103000       23.732000       12.037000
 H         8.528000       23.563999       12.814000
 C        10.511000       23.993000       12.497000
 H        11.095000       23.253000       12.195000
 H        10.530000       24.011999       13.488000
 O         8.645000       25.513000       15.078000
 C         8.845000       26.712000       14.287000
 H         8.146000       26.737000       13.569000
 O         8.901000       29.096001       14.309000
 H         9.345000       28.863001       13.467000
 C         8.711000       27.906000       15.098000
 H         7.767000       27.927999       15.431000
 O         9.299000       29.046000       17.143000
 H         9.510000       28.826000       18.076000
 C         9.585000       27.886999       16.292000
 H        10.539000       27.921000       15.999000
 O        10.328000       26.582001       18.150999
 C         9.355000       26.601000       17.090000
 H         8.432000       26.607000       17.479000
 C         9.523000       25.403999       16.205000
 H        10.464000       25.382000       15.875000
 O         7.944000       24.145000       17.382000
 H         7.757000       23.312000       17.861000
 C         9.221000       24.099001       16.857000
 H         9.286000       23.365000       16.191999
 H         9.877000       23.922001       17.577999
 Rb       15.540000       25.278999       25.278999
 Rb       15.540000       25.278999        5.800000
 Rb        9.740000       31.079000        9.740000
 Rb       21.339001       31.079000        9.740000
 Rb       21.339001       31.079000       21.339001
 Rb        9.740000       31.079000       21.339001
 O         6.123000       26.796000       18.000999
 O        24.955999       26.796000       13.078000
 O        26.796000       24.955999       18.000999
 O         4.283000       24.955999       13.078000
 O         3.761000       25.226999       17.802000
 O        27.318001       25.226999       13.277000
 O        25.226999       27.318001       17.802000
 O         5.852000       27.318001       13.277000
 O        19.940001        5.949000       10.520000
 C        19.440001        4.789000        9.874000
 H        19.393000        4.973000        8.892000
 O        19.822001        2.461000        9.417000
 H        18.862000        2.381000        9.591000
 C        20.329000        3.596000       10.088000
 H        21.233000        3.804000        9.715000
 O        21.392000        2.263000       11.779000
 H        20.941000        1.405000       11.624000
 C        20.472000        3.332000       11.543000
 H        19.580000        3.077000       11.913000
 O        20.978001        4.401000       13.679000
 C        20.969000        4.600000       12.276000
 H        21.892000        4.823000       11.965000
 C        20.027000        5.771000       11.962000
 H        19.117001        5.594000       12.341000
 O        21.976000        7.347000       12.037000
 H        22.551001        7.515000       12.814000
 C        20.568001        7.086000       12.497000
 H        19.983999        7.826000       12.195000
 H        20.549000        7.067000       13.488000
 O        22.434000        5.566000       15.078000
 C        22.233999        4.367000       14.287000
 H        22.933001        4.342000       13.569000
 O        22.177999        1.983000       14.309000
 H        21.733999        2.216000       13.467000
 C        22.368000        3.173000       15.098000
 H        23.312000        3.151000       15.431000
 O        21.780001        2.033000       17.143000
 H        21.569000        2.253000       18.076000
 C        21.493999        3.192000       16.292000
 H        20.540001        3.158000       15.999000
 O        20.750999        4.497000       18.150999
 C        21.724001        4.478000       17.090000
 H        22.646999        4.472000       17.479000
 C        21.556000        5.675000       16.205000
 H        20.615000        5.697000       15.875000
 O        23.135000        6.934000       17.382000
 H        23.322001        7.767000       17.861000
 C        21.858000        6.980000       16.857000
 H        21.792999        7.714000       16.191999
 H        21.202000        7.157000       17.577999
 O        10.520000        5.949000       11.139000
 C         9.874000        4.789000       11.639000
 H         8.892000        4.973000       11.686000
 O         9.417000        2.461000       11.257000
 H         9.591000        2.381000       12.217000
 C        10.088000        3.596000       10.750000
 H         9.715000        3.804000        9.846000
 O        11.779000        2.263000        9.687000
 H        11.624000        1.405000       10.138000
 C        11.543000        3.332000       10.607000
 H        11.913000        3.077000       11.499000
 O        13.679000        4.401000       10.101000
 C        12.276000        4.600000       10.110000
 H        11.965000        4.823000        9.187000
 C        11.962000        5.771000       11.052000
 H        12.341000        5.594000       11.962000
 O        12.037000        7.347000        9.103000
 H        12.814000        7.515000        8.528000
 C        12.497000        7.086000       10.511000
 H        12.195000        7.826000       11.095000
 H        13.488000        7.067000       10.530000
 O        15.078000        5.566000        8.645000
 C        14.287000        4.367000        8.845000
 H        13.569000        4.342000        8.146000
 O        14.309000        1.983000        8.901000
 H        13.467000        2.216000        9.345000
 C        15.098000        3.173000        8.711000
 H        15.431000        3.151000        7.767000
 O        17.143000        2.033000        9.299000
 H        18.076000        2.253000        9.510000
 C        16.292000        3.192000        9.585000
 H        15.999000        3.158000       10.539000
 O        18.150999        4.497000       10.328000
 C        17.090000        4.478000        9.355000
 H        17.479000        4.472000        8.432000
 C        16.205000        5.675000        9.523000
 H        15.875000        5.697000       10.464000
 O        17.382000        6.934000        7.944000
 H        17.861000        7.767000        7.757000
 C        16.857000        6.980000        9.221000
 H        16.191999        7.714000        9.286000
 H        17.577999        7.157000        9.877000
 O        20.559000        5.949000       19.940001
 C        21.205000        4.789000       19.440001
 H        22.187000        4.973000       19.393000
 O        21.662001        2.461000       19.822001
 H        21.488001        2.381000       18.862000
 C        20.990999        3.596000       20.329000
 H        21.364000        3.804000       21.233000
 O        19.299999        2.263000       21.392000
 H        19.455000        1.405000       20.941000
 C        19.535999        3.332000       20.472000
 H        19.166000        3.077000       19.580000
 O        17.400000        4.401000       20.978001
 C        18.802999        4.600000       20.969000
 H        19.114000        4.823000       21.892000
 C        19.117001        5.771000       20.027000
 H        18.738001        5.594000       19.117001
 O        19.042000        7.347000       21.976000
 H        18.264999        7.515000       22.551001
 C        18.582001        7.086000       20.568001
 H        18.884001        7.826000       19.983999
 H        17.591000        7.067000       20.549000
 O        16.000999        5.566000       22.434000
 C        16.792000        4.367000       22.233999
 H        17.510000        4.342000       22.933001
 O        16.770000        1.983000       22.177999
 H        17.612000        2.216000       21.733999
 C        15.981000        3.173000       22.368000
 H        15.648000        3.151000       23.312000
 O        13.936000        2.033000       21.780001
 H        13.003000        2.253000       21.569000
 C        14.787000        3.192000       21.493999
 H        15.080000        3.158000       20.540001
 O        12.928000        4.497000       20.750999
 C        13.989000        4.478000       21.724001
 H        13.600000        4.472000       22.646999
 C        14.874000        5.675000       21.556000
 H        15.204000        5.697000       20.615000
 O        13.697000        6.934000       23.135000
 H        13.218000        7.767000       23.322001
 C        14.222000        6.980000       21.858000
 H        14.887000        7.714000       21.792999
 H        13.501000        7.157000       21.202000
 O        11.139000        5.949000       20.559000
 C        11.639000        4.789000       21.205000
 H        11.686000        4.973000       22.187000
 O        11.257000        2.461000       21.662001
 H        12.217000        2.381000       21.488001
 C        10.750000        3.596000       20.990999
 H         9.846000        3.804000       21.364000
 O         9.687000        2.263000       19.299999
 H        10.138000        1.405000       19.455000
 C        10.607000        3.332000       19.535999
 H        11.499000        3.077000       19.166000
 O        10.101000        4.401000       17.400000
 C        10.110000        4.600000       18.802999
 H         9.187000        4.823000       19.114000
 C        11.052000        5.771000       19.117001
 H        11.962000        5.594000       18.738001
 O         9.103000        7.347000       19.042000
 H         8.528000        7.515000       18.264999
 C        10.511000        7.086000       18.582001
 H        11.095000        7.826000       18.884001
 H        10.530000        7.067000       17.591000
 O         8.645000        5.566000       16.000999
 C         8.845000        4.367000       16.792000
 H         8.146000        4.342000       17.510000
 O         8.901000        1.983000       16.770000
 H         9.345000        2.216000       17.612000
 C         8.711000        3.173000       15.981000
 H         7.767000        3.151000       15.648000
 O         9.299000        2.033000       13.936000
 H         9.510000        2.253000       13.003000
 C         9.585000        3.192000       14.787000
 H        10.539000        3.158000       15.080000
 O        10.328000        4.497000       12.928000
 C         9.355000        4.478000       13.989000
 H         8.432000        4.472000       13.600000
 C         9.523000        5.675000       14.874000
 H        10.464000        5.697000       15.204000
 O         7.944000        6.934000       13.697000
 H         7.757000        7.767000       13.218000
 C         9.221000        6.980000       14.222000
 H         9.286000        7.714000       14.887000
 H         9.877000        7.157000       13.501000
 Rb       15.540000        5.800000        5.800000
 Rb       15.540000        5.800000       25.278999
 Rb        9.740000        0.000000       21.339001
 Rb       21.339001        0.000000       21.339001
 Rb       21.339001        0.000000        9.740000
 Rb        9.740000        0.000000        9.740000
 O         6.123000        4.283000       13.078000
 O        24.955999        4.283000       18.000999
 O        26.796000        6.123000       13.078000
 O         4.283000        6.123000       18.000999
 O         3.761000        5.852000       13.277000
 O        27.318001        5.852000       17.802000
 O        25.226999        3.761000       13.277000
 O         5.852000        3.761000       17.802000
 O        20.559000       19.940001       25.129999
 C        21.205000       19.440001       26.290001
 H        22.187000       19.393000       26.106001
 O        21.662001       19.822001       28.618000
 H        21.488001       18.862000       28.698000
 C        20.990999       20.329000       27.483000
 H        21.364000       21.233000       27.275000
 O        19.299999       21.392000       28.816000
 H        19.455000       20.941000       29.674000
 C        19.535999       20.472000       27.747000
 H        19.166000       19.580000       28.002001
 O        17.400000       20.978001       26.677999
 C        18.802999       20.969000       26.479000
 H        19.114000       21.892000       26.256001
 C        19.117001       20.027000       25.308001
 H        18.738001       19.117001       25.485001
 O        19.042000       21.976000       23.732000
 H        18.264999       22.551001       23.563999
 C        18.582001       20.568001       23.993000
 H        18.884001       19.983999       23.253000
 H        17.591000       20.549000       24.011999
 O        16.000999       22.434000       25.513000
 C        16.792000       22.233999       26.712000
 H        17.510000       22.933001       26.737000
 O        16.770000       22.177999       29.096001
 H        17.612000       21.733999       28.863001
 C        15.981000       22.368000       27.906000
 H        15.648000       23.312000       27.927999
 O        13.936000       21.780001       29.046000
 H        13.003000       21.569000       28.826000
 C        14.787000       21.493999       27.886999
 H        15.080000       20.540001       27.921000
 O        12.928000       20.750999       26.582001
 C        13.989000       21.724001       26.601000
 H        13.600000       22.646999       26.607000
 C        14.874000       21.556000       25.403999
 H        15.204000       20.615000       25.382000
 O        13.697000       23.135000       24.145000
 H        13.218000       23.322001       23.312000
 C        14.222000       21.858000       24.099001
 H        14.887000       21.792999       23.365000
 H        13.501000       21.202000       23.922001
 O        19.940001       10.520000       25.129999
 C        19.440001        9.874000       26.290001
 H        19.393000        8.892000       26.106001
 O        19.822001        9.417000       28.618000
 H        18.862000        9.591000       28.698000
 C        20.329000       10.088000       27.483000
 H        21.233000        9.715000       27.275000
 O        21.392000       11.779000       28.816000
 H        20.941000       11.624000       29.674000
 C        20.472000       11.543000       27.747000
 H        19.580000       11.913000       28.002001
 O        20.978001       13.679000       26.677999
 C        20.969000       12.276000       26.479000
 H        21.892000       11.965000       26.256001
 C        20.027000       11.962000       25.308001
 H        19.117001       12.341000       25.485001
 O        21.976000       12.037000       23.732000
 H        22.551001       12.814000       23.563999
 C        20.568001       12.497000       23.993000
 H        19.983999       12.195000       23.253000
 H        20.549000       13.488000       24.011999
 C        22.233999       14.287000       26.712000
 H        22.933001       13.569000       26.737000
 O        22.177999       14.309000       29.096001
 H        21.733999       13.467000       28.863001
 C        22.368000       15.098000       27.906000
 H        23.312000       15.431000       27.927999
 O        21.780001       17.143000       29.046000
 H        21.569000       18.076000       28.826000
 C        21.493999       16.292000       27.886999
 H        20.540001       15.999000       27.921000
 O        20.750999       18.150999       26.582001
 C        21.724001       17.090000       26.601000
 H        22.646999       17.479000       26.607000
 C        21.556000       16.205000       25.403999
 H        20.615000       15.875000       25.382000
 H        23.322001       17.861000       23.312000
 C        21.858000       16.857000       24.099001
 H        21.792999       16.191999       23.365000
 H        21.202000       17.577999       23.922001
 O        11.139000       20.559000       25.129999
 C        11.639000       21.205000       26.290001
 H        11.686000       22.187000       26.106001
 O        11.257000       21.662001       28.618000
 H        12.217000       21.488001       28.698000
 C        10.750000       20.990999       27.483000
 H         9.846000       21.364000       27.275000
 O         9.687000       19.299999       28.816000
 H        10.138000       19.455000       29.674000
 C        10.607000       19.535999       27.747000
 H        11.499000       19.166000       28.002001
 O        10.101000       17.400000       26.677999
 C        10.110000       18.802999       26.479000
 H         9.187000       19.114000       26.256001
 C        11.052000       19.117001       25.308001
 H        11.962000       18.738001       25.485001
 O         9.103000       19.042000       23.732000
 H         8.528000       18.264999       23.563999
 C        10.511000       18.582001       23.993000
 H        11.095000       18.884001       23.253000
 H        10.530000       17.591000       24.011999
 C         8.845000       16.792000       26.712000
 H         8.146000       17.510000       26.737000
 O         8.901000       16.770000       29.096001
 H         9.345000       17.612000       28.863001
 C         8.711000       15.981000       27.906000
 H         7.767000       15.648000       27.927999
 O         9.299000       13.936000       29.046000
 H         9.510000       13.003000       28.826000
 C         9.585000       14.787000       27.886999
 H        10.539000       15.080000       27.921000
 O        10.328000       12.928000       26.582001
 C         9.355000       13.989000       26.601000
 H         8.432000       13.600000       26.607000
 C         9.523000       14.874000       25.403999
 H        10.464000       15.204000       25.382000
 H         7.757000       13.218000       23.312000
 C         9.221000       14.222000       24.099001
 H         9.286000       14.887000       23.365000
 H         9.877000       13.501000       23.922001
 O        10.520000       11.139000       25.129999
 C         9.874000       11.639000       26.290001
 H         8.892000       11.686000       26.106001
 O         9.417000       11.257000       28.618000
 H         9.591000       12.217000       28.698000
 C        10.088000       10.750000       27.483000
 H         9.715000        9.846000       27.275000
 O        11.779000        9.687000       28.816000
 H        11.624000       10.138000       29.674000
 C        11.543000       10.607000       27.747000
 H        11.913000       11.499000       28.002001
 O        13.679000       10.101000       26.677999
 C        12.276000       10.110000       26.479000
 H        11.965000        9.187000       26.256001
 C        11.962000       11.052000       25.308001
 H        12.341000       11.962000       25.485001
 O        12.037000        9.103000       23.732000
 H        12.814000        8.528000       23.563999
 C        12.497000       10.511000       23.993000
 H        12.195000       11.095000       23.253000
 H        13.488000       10.530000       24.011999
 O        15.078000        8.645000       25.513000
 C        14.287000        8.845000       26.712000
 H        13.569000        8.146000       26.737000
 O        14.309000        8.901000       29.096001
 H        13.467000        9.345000       28.863001
 C        15.098000        8.711000       27.906000
 H        15.431000        7.767000       27.927999
 O        17.143000        9.299000       29.046000
 H        18.076000        9.510000       28.826000
 C        16.292000        9.585000       27.886999
 H        15.999000       10.539000       27.921000
 O        18.150999       10.328000       26.582001
 C        17.090000        9.355000       26.601000
 H        17.479000        8.432000       26.607000
 C        16.205000        9.523000       25.403999
 H        15.875000       10.464000       25.382000
 O        17.382000        7.944000       24.145000
 H        17.861000        7.757000       23.312000
 C        16.857000        9.221000       24.099001
 H        16.191999        9.286000       23.365000
 H        17.577999        9.877000       23.922001
 Rb        9.740000        9.740000       31.079000
 Rb        9.740000       21.339001       31.079000
 Rb       21.339001       21.339001       31.079000
 Rb       21.339001        9.740000       31.079000
 O        18.000999        6.123000       26.796000
 O        13.078000       24.955999       26.796000
 O        18.000999       26.796000       24.955999
 O        13.078000        4.283000       24.955999
 O        17.802000        3.761000       25.226999
 O        13.277000       27.318001       25.226999
 O        17.802000       25.226999       27.318001
 O        13.277000        5.852000       27.318001
 O        10.520000       19.940001        5.949000
 C         9.874000       19.440001        4.789000
 H         8.892000       19.393000        4.973000
 O         9.417000       19.822001        2.461000
 H         9.591000       18.862000        2.381000
 C        10.088000       20.329000        3.596000
 H         9.715000       21.233000        3.804000
 O        11.779000       21.392000        2.263000
 H        11.624000       20.941000        1.405000
 C        11.543000       20.472000        3.332000
 H        11.913000       19.580000        3.077000
 O        13.679000       20.978001        4.401000
 C        12.276000       20.969000        4.600000
 H        11.965000       21.892000        4.823000
 C        11.962000       20.027000        5.771000
 H        12.341000       19.117001        5.594000
 O        12.037000       21.976000        7.347000
 H        12.814000       22.551001        7.515000
 C        12.497000       20.568001        7.086000
 H        12.195000       19.983999        7.826000
 H        13.488000       20.549000        7.067000
 O        15.078000       22.434000        5.566000
 C        14.287000       22.233999        4.367000
 H        13.569000       22.933001        4.342000
 O        14.309000       22.177999        1.983000
 H        13.467000       21.733999        2.216000
 C        15.098000       22.368000        3.173000
 H        15.431000       23.312000        3.151000
 O        17.143000       21.780001        2.033000
 H        18.076000       21.569000        2.253000
 C        16.292000       21.493999        3.192000
 H        15.999000       20.540001        3.158000
 O        18.150999       20.750999        4.497000
 C        17.090000       21.724001        4.478000
 H        17.479000       22.646999        4.472000
 C        16.205000       21.556000        5.675000
 H        15.875000       20.615000        5.697000
 O        17.382000       23.135000        6.934000
 H        17.861000       23.322001        7.767000
 C        16.857000       21.858000        6.980000
 H        16.191999       21.792999        7.714000
 H        17.577999       21.202000        7.157000
 O        11.139000       10.520000        5.949000
 C        11.639000        9.874000        4.789000
 H        11.686000        8.892000        4.973000
 O        11.257000        9.417000        2.461000
 H        12.217000        9.591000        2.381000
 C        10.750000       10.088000        3.596000
 H         9.846000        9.715000        3.804000
 O         9.687000       11.779000        2.263000
 H        10.138000       11.624000        1.405000
 C        10.607000       11.543000        3.332000
 H        11.499000       11.913000        3.077000
 O        10.101000       13.679000        4.401000
 C        10.110000       12.276000        4.600000
 H         9.187000       11.965000        4.823000
 C        11.052000       11.962000        5.771000
 H        11.962000       12.341000        5.594000
 O         9.103000       12.037000        7.347000
 H         8.528000       12.814000        7.515000
 C        10.511000       12.497000        7.086000
 H        11.095000       12.195000        7.826000
 H        10.530000       13.488000        7.067000
 C         8.845000       14.287000        4.367000
 H         8.146000       13.569000        4.342000
 O         8.901000       14.309000        1.983000
 H         9.345000       13.467000        2.216000
 C         8.711000       15.098000        3.173000
 H         7.767000       15.431000        3.151000
 O         9.299000       17.143000        2.033000
 H         9.510000       18.076000        2.253000
 C         9.585000       16.292000        3.192000
 H        10.539000       15.999000        3.158000
 O        10.328000       18.150999        4.497000
 C         9.355000       17.090000        4.478000
 H         8.432000       17.479000        4.472000
 C         9.523000       16.205000        5.675000
 H        10.464000       15.875000        5.697000
 H         7.757000       17.861000        7.767000
 C         9.221000       16.857000        6.980000
 H         9.286000       16.191999        7.714000
 H         9.877000       17.577999        7.157000
 O        19.940001       20.559000        5.949000
 C        19.440001       21.205000        4.789000
 H        19.393000       22.187000        4.973000
 O        19.822001       21.662001        2.461000
 H        18.862000       21.488001        2.381000
 C        20.329000       20.990999        3.596000
 H        21.233000       21.364000        3.804000
 O        21.392000       19.299999        2.263000
 H        20.941000       19.455000        1.405000
 C        20.472000       19.535999        3.332000
 H        19.580000       19.166000        3.077000
 O        20.978001       17.400000        4.401000
 C        20.969000       18.802999        4.600000
 H        21.892000       19.114000        4.823000
 C        20.027000       19.117001        5.771000
 H        19.117001       18.738001        5.594000
 O        21.976000       19.042000        7.347000
 H        22.551001       18.264999        7.515000
 C        20.568001       18.582001        7.086000
 H        19.983999       18.884001        7.826000
 H        20.549000       17.591000        7.067000
 C        22.233999       16.792000        4.367000
 H        22.933001       17.510000        4.342000
 O        22.177999       16.770000        1.983000
 H        21.733999       17.612000        2.216000
 C        22.368000       15.981000        3.173000
 H        23.312000       15.648000        3.151000
 O        21.780001       13.936000        2.033000
 H        21.569000       13.003000        2.253000
 C        21.493999       14.787000        3.192000
 H        20.540001       15.080000        3.158000
 O        20.750999       12.928000        4.497000
 C        21.724001       13.989000        4.478000
 H        22.646999       13.600000        4.472000
 C        21.556000       14.874000        5.675000
 H        20.615000       15.204000        5.697000
 H        23.322001       13.218000        7.767000
 C        21.858000       14.222000        6.980000
 H        21.792999       14.887000        7.714000
 H        21.202000       13.501000        7.157000
 O        20.559000       11.139000        5.949000
 C        21.205000       11.639000        4.789000
 H        22.187000       11.686000        4.973000
 O        21.662001       11.257000        2.461000
 H        21.488001       12.217000        2.381000
 C        20.990999       10.750000        3.596000
 H        21.364000        9.846000        3.804000
 O        19.299999        9.687000        2.263000
 H        19.455000       10.138000        1.405000
 C        19.535999       10.607000        3.332000
 H        19.166000       11.499000        3.077000
 O        17.400000       10.101000        4.401000
 C        18.802999       10.110000        4.600000
 H        19.114000        9.187000        4.823000
 C        19.117001       11.052000        5.771000
 H        18.738001       11.962000        5.594000
 O        19.042000        9.103000        7.347000
 H        18.264999        8.528000        7.515000
 C        18.582001       10.511000        7.086000
 H        18.884001       11.095000        7.826000
 H        17.591000       10.530000        7.067000
 O        16.000999        8.645000        5.566000
 C        16.792000        8.845000        4.367000
 H        17.510000        8.146000        4.342000
 O        16.770000        8.901000        1.983000
 H        17.612000        9.345000        2.216000
 C        15.981000        8.711000        3.173000
 H        15.648000        7.767000        3.151000
 O        13.936000        9.299000        2.033000
 H        13.003000        9.510000        2.253000
 C        14.787000        9.585000        3.192000
 H        15.080000       10.539000        3.158000
 O        12.928000       10.328000        4.497000
 C        13.989000        9.355000        4.478000
 H        13.600000        8.432000        4.472000
 C        14.874000        9.523000        5.675000
 H        15.204000       10.464000        5.697000
 O        13.697000        7.944000        6.934000
 H        13.218000        7.757000        7.767000
 C        14.222000        9.221000        6.980000
 H        14.887000        9.286000        7.714000
 H        13.501000        9.877000        7.157000
 Rb       21.339001        9.740000        0.000000
 Rb       21.339001       21.339001        0.000000
 Rb        9.740000       21.339001        0.000000
 Rb        9.740000        9.740000        0.000000
 O        13.078000        6.123000        4.283000
 O        18.000999       24.955999        4.283000
 O        13.078000       26.796000        6.123000
 O        18.000999        4.283000        6.123000
 O        13.277000        3.761000        5.852000
 O        17.802000       27.318001        5.852000
 O        13.277000       25.226999        3.761000
 O        17.802000        5.852000        3.761000
 O         0.000000       15.540000       20.618000
 O        31.079000       15.540000       20.618000
 O         0.000000       15.540000       10.461000
 O        31.079000       15.540000       10.461000
 O        20.618000        0.000000       15.540000
 O        20.618000       31.079000       15.540000
 O        10.461000        0.000000       15.540000
 O        10.461000       31.079000       15.540000
 O        15.540000       20.618000        0.000000
 O        15.540000       20.618000       31.079000
 O        15.540000       10.461000        0.000000
 O        15.540000       10.461000       31.079000
 O        15.540000        0.000000       10.461000
 O        15.540000       31.079000       10.461000
 O        15.540000        0.000000       20.618000
 O        15.540000       31.079000       20.618000
 O         0.000000       20.618000       15.540000
 O        31.079000       20.618000       15.540000
 O         0.000000       10.461000       15.540000
 O        31.079000       10.461000       15.540000
 O        20.618000       15.540000        0.000000
 O        20.618000       15.540000       31.079000
 O        10.461000       15.540000        0.000000
 O        10.461000       15.540000       31.079000
 O        15.540000        0.000000        5.078000
 O        15.540000       31.079000        5.078000
 O        15.540000        0.000000       26.000999
 O        15.540000       31.079000       26.000999
 O         5.078000       15.540000        0.000000
 O         5.078000       15.540000       31.079000
 O        26.000999       15.540000        0.000000
 O        26.000999       15.540000       31.079000
 O         0.000000        5.078000       15.540000
 O        31.079000        5.078000       15.540000
 O         0.000000       26.000999       15.540000
 O        31.079000       26.000999       15.540000
 O         0.000000       15.540000       26.000999
 O        31.079000       15.540000       26.000999
 O         0.000000       15.540000        5.078000
 O        31.079000       15.540000        5.078000
 O        15.540000        5.078000        0.000000
 O        15.540000        5.078000       31.079000
 O        15.540000       26.000999        0.000000
 O        15.540000       26.000999       31.079000
 O         5.078000        0.000000       15.540000
 O         5.078000       31.079000       15.540000
 O        26.000999        0.000000       15.540000
 O        26.000999       31.079000       15.540000